_C_8107b392_0 84 0 40 0 ffffffff 0 ffffffff 0 
_C_8b14bced_0 8c 0 1d0 0 0 44202567 0 25672049 0 62757320 0 666f7220 0 65756520 0 65207175 0 6e207468 0 66742069 0 65206c65 0 73706163 0 206e6f20 0 65206973 0 74686572 0 726f7220 0 4572 
_C_4c452b2a_0 8c 0 68 0 0 73686564 0 46696e69 0 65737420 0 54 
_C_4ebb704c_0 8c 0 d0 0 0 682c2567 0 25672c25 0 2c25672c 0 672c2567 0 25672c25 0 2c25672c 0 2567 
_C_d22b15f0_0 94 0 40 0 0 1 0 0 
_C_21104d0e_0 8c 0 d8 0 0 6d657570 0 2c205469 0 494c4544 0 3a204641 0 61747573 0 745f5374 0 546573 
_C_6cd82d71_0 8c 0 188 0 0 63746564 0 65787065 0 68616e20 0 65732074 0 73736167 0 64206d65 0 2073656e 0 6d6f7265 0 61726520 0 65726520 0 3a207468 0 52524f52 0 45 
_C_c0396226_0 c4 0 38 0 0 ffffffff 0 ffffff 
_C_dc14dcc0_0 8c 0 c8 0 0 682c2567 0 25672c25 0 2c25672c 0 672c2567 0 25672c25 0 2c25672c 0 30 
_C_d7cc880f_0 c4 0 38 0 0 0 0 0 
_C_44779561_0 8c 0 2d0 0 0 74726774 0 6d73675f 0 6f61642c 0 7061796c 0 6d73675f 0 6c65732c 0 5f637963 0 5f636c6b 0 656c6179 0 49442c64 0 7665725f 0 65636569 0 49442c72 0 7263655f 0 2c736f75 0 2c627573 0 72637664 0 696d655f 0 6e642c74 0 655f7365 0 2c74696d 0 61747573 0 7374 
_C_4585622e_0 8c 0 1e0 0 0 44202567 0 25672049 0 62757320 0 20696e20 0 75657565 0 68652071 0 6f6d2074 0 70206672 0 6f20706f 0 6e672074 0 6f746869 0 6973206e 0 65726520 0 72207468 0 4572726f 
_C_1de4e439_0 8c 0 130 0 0 64202567 0 6c657465 0 636f6d70 0 6c6c7920 0 73736675 0 75636365 0 6e732073 0 6374696f 0 616e7361 0 5472 
_C_a79f3cd8_0 8c 0 60 0 0 504f5254 0 4e5f5245 0 42454749 
_C_e4f98ba7_0 8c 0 250 0 0 65202567 0 2074696d 0 6e206174 0 65747572 0 746f2072 0 696e6720 0 6e6f7468 0 74792c20 0 20656d70 0 67206973 0 76722025 0 67206472 0 69742025 0 6f722062 0 75652066 0 20717565 0 20546865 0 524f523a 0 4552 
_C_b07ad78c_0 8c 0 2e0 0 0 70746564 0 6f727275 0 69732063 0 20256820 0 6c6f6164 0 20706179 0 77697468 0 20256720 0 20627573 0 67206f66 0 616c2025 0 726d696e 0 6e207465 0 25672069 0 696d6520 0 61742074 0 61676520 0 6d657373 0 76656420 0 65636569 0 68652072 0 723a2074 0 4572726f 
_C_21d5f968_0 84 0 8 0 0 ff 
_C_4a5bf069_0 8c 0 228 0 0 3a202568 0 73616765 0 2c6d6573 0 3a202567 0 72676574 0 2e207461 0 20706f70 0 73616765 0 206d6573 0 73202567 0 67206275 0 616c2025 0 726d696e 0 6e207465 0 743a2069 0 6d652025 0 74207469 0 41 
_C_e5a4dbb7_0 8c 0 248 0 0 20256820 0 6167653a 0 6d657373 0 25672c20 0 65743a20 0 74617267 0 65642e20 0 20736176 0 73616765 0 206d6573 0 73202567 0 67206275 0 616c2025 0 726d696e 0 6e207465 0 743a2069 0 6d652025 0 74207469 0 41 
_C_da9fd1e8_0 c4 0 38 0 0 55555555 0 555555 
_C_98d1798b_0 84 0 4 0 0 0 
_C_9f35bf9e_0 8c 0 e0 0 0 73202567 0 6e206275 0 4c2c206f 0 20464149 0 7475733a 0 5f537461 0 54657374 
_C_29f00d0a_0 8c 0 e0 0 0 73202567 0 6e206275 0 532c206f 0 20504153 0 7475733a 0 5f537461 0 54657374 
_C_764171d_0 8c 0 100 0 0 65756573 0 65207175 0 6f207468 0 65642074 0 70757368 0 67657320 0 65737361 0 2567206d 
_C_ef0f67b3_0 84 0 18 0 0 0 
_C_aacb331c_0 8c 0 50 0 0 504f5254 0 445f5245 0 454e 
_C_b35bc3_0 84 0 20 0 0 0 
_C_ad4ad0d_0 84 0 20 0 0 1 
_C_fc5db0b3_0 8c 0 60 0 0 2e766364 0 66696c65 0 7663645f 
_C_1c855cb8_0 94 0 20 0 0 4 
_C_16e2aa76_0 94 0 20 0 0 5 
_C_84ab124_0 94 0 20 0 0 6 
_C_22d47ea_0 94 0 20 0 0 7 
_C_351a8780_0 94 0 20 0 0 0 
_C_3f7d714e_0 94 0 20 0 0 1 
_C_21d56a1c_0 94 0 20 0 0 2 
_C_2bb29cd2_0 94 0 20 0 0 3 
_C_4fbaeac8_0 94 0 20 0 0 c 
_C_47ab7213_0 8c 0 50 0 0 2025673a 0 6d65203d 0 5469 
_C_a133a9a2_0 8c 0 1c8 0 0 65202567 0 20747970 0 206d7367 0 74202567 0 68204269 0 3a202025 0 6c6f6164 0 20706179 0 3a202567 0 72676574 0 67207461 0 63652025 0 536f7572 0 75736820 0 50 
_C_45dd1c06_0 94 0 20 0 0 d 
_C_cd6a3bc1_0 c4 0 38 0 0 aaaaaaaa 0 aaaaaa 
_C_5b750754_0 94 0 20 0 0 e 
_C_5112f19a_0 94 0 20 0 0 f 
_C_662531f0_0 94 0 20 0 0 8 
_C_6c42c73e_0 94 0 20 0 0 9 
_C_72eadc6c_0 94 0 20 0 0 a 
_C_788d2aa2_0 94 0 20 0 0 b 
