13
01
00
40
73
50
5a
00
73
d0
6f
00
73
60
00
00
6f
00
80
21
93
0f
00
30
67
80
0f
00
13
01
01
f8
23
2e
f1
07
23
2c
e1
07
23
2a
d1
07
23
28
c1
07
23
26
b1
07
23
24
a1
07
23
22
91
07
23
20
81
07
23
2e
71
05
23
2c
61
05
23
2a
51
05
23
28
41
05
23
26
31
05
23
24
21
05
23
22
11
05
23
20
01
05
23
2e
f1
02
23
2c
e1
02
23
2a
d1
02
23
28
c1
02
23
26
b1
02
23
24
a1
02
23
22
91
02
23
20
81
02
23
2e
71
00
23
2c
61
00
23
2a
51
00
23
28
41
00
23
26
31
00
23
24
21
00
23
22
11
00
73
14
20
00
f3
14
30
00
13
79
74
00
63
04
09
00
33
00
00
00
73
2a
10
00
13
0a
4a
00
73
10
1a
00
13
5b
a4
00
13
79
fb
01
13
19
29
00
33
09
29
00
03
29
09
00
13
5a
44
41
93
7a
84
3f
93
da
3a
00
93
09
30
01
63
82
3a
03
93
09
b0
00
63
8e
3a
01
93
09
40
01
63
8a
3a
05
93
09
c0
00
63
86
3a
05
93
09
c0
02
63
82
3a
05
93
79
0b
1e
93
d9
59
00
93
99
29
00
b3
89
29
00
83
a9
09
00
33
09
49
01
23
00
39
01
93
d9
89
00
a3
00
39
01
93
0b
b0
00
63
8c
5b
07
93
d9
89
00
23
01
39
01
93
d9
89
00
a3
01
39
01
6f
00
40
06
93
f9
f4
01
93
99
29
00
b3
89
29
00
33
09
49
01
03
4a
09
00
93
0b
c0
00
63
8c
5b
03
03
4b
19
00
13
1b
8b
00
33
6a
4b
01
93
0b
c0
02
63
8e
5b
01
03
4b
29
00
13
1b
0b
01
33
6a
6a
01
03
4b
39
00
13
1b
8b
01
33
6a
6a
01
23
a0
49
01
6f
00
40
01
03
0b
19
00
13
1b
8b
00
33
6a
4b
01
6f
f0
df
fe
83
2f
c1
07
03
2f
81
07
83
2e
41
07
03
2e
01
07
83
2d
c1
06
03
2d
81
06
83
2c
41
06
03
2c
01
06
83
2b
c1
05
03
2b
81
05
83
2a
41
05
03
2a
01
05
83
29
c1
04
03
29
81
04
83
28
41
04
03
28
01
04
83
27
c1
03
03
27
81
03
83
26
41
03
03
26
01
03
83
25
c1
02
03
25
81
02
83
24
41
02
03
24
01
02
83
23
c1
01
03
23
81
01
83
22
41
01
03
22
01
01
83
21
c1
00
83
20
41
00
03
21
81
00
13
01
01
08
73
00
20
30
37
14
00
00
13
04
04
fa
73
10
64
00
73
e0
00
00
6f
00
00
00
00
00
00
00
ff
ff
ff
ff
